              precision    recall  f1-score   support

           A     0.9817    0.9885    0.9850       433
           B     0.9812    0.9812    0.9812       372
           C     0.9763    0.9946    0.9854       373
           D     0.9888    0.9610    0.9747       461
           E     0.9837    0.9602    0.9718       377
           F     0.9788    0.9957    0.9872       463
           G     0.9901    0.9877    0.9889       406
           H     0.9834    0.9976    0.9904       415
           I     0.9840    0.9817    0.9829       438
           J     0.9913    0.9828    0.9870       464
           K     0.9953    0.9884    0.9919       431
           L     0.9638    0.9978    0.9805       453
           M     0.9840    0.9583    0.9710       384
           N     0.9691    0.9829    0.9760       351
           O     0.9669    0.9976    0.9820       410
           P     0.9831    0.9855    0.9843       413
           Q     0.9822    0.9822    0.9822       394
           R     0.9826    0.9891    0.9858       457
           S     0.9670    0.9713    0.9692       453
           T     0.9684    0.9876    0.9779       404
           U     0.9880    0.9604    0.9740       429
           V     0.9709    0.9662    0.9685       414
           W     0.9321    0.9684    0.9499       411
           X     0.9973    0.9530    0.9746       383
           Y     0.9975    0.9400    0.9679       433
           Z     0.9729    0.9850    0.9789       401
         del     0.9833    0.9833    0.9833       359
     nothing     0.9979    1.0000    0.9989       474
       space     0.9631    0.9713    0.9672       349

    accuracy                         0.9795     12005
   macro avg     0.9795    0.9793    0.9793     12005
weighted avg     0.9797    0.9795    0.9795     12005
