              precision    recall  f1-score   support

           N     1.0000    0.9959    0.9979       483
           D     0.9798    0.9878    0.9838       491
           P     0.9644    0.9935    0.9788       464
       space     0.9894    0.9852    0.9873       474
           Z     0.9939    0.9878    0.9908       491
     nothing     0.9939    1.0000    0.9970       491
           W     0.9615    0.9855    0.9734       482
           I     0.9721    0.9939    0.9828       490
           C     0.9980    0.9749    0.9863       517
         del     0.9823    0.9960    0.9891       501
           Y     0.9835    0.8948    0.9371       466
           S     0.9571    0.9859    0.9713       498
           G     0.9471    0.9598    0.9534       448
           M     0.9778    0.9898    0.9837       489
           J     0.9855    0.9896    0.9876       481
           T     0.9958    0.9715    0.9835       492
           V     0.9734    0.9615    0.9674       494
           B     0.9765    0.9881    0.9822       504
           H     0.9664    0.9558    0.9611       452
           E     0.9706    0.9747    0.9727       475
           O     0.9977    0.9911    0.9944       447
           Q     0.9979    0.9691    0.9833       486
           K     0.9819    0.9665    0.9741       448
           A     0.9638    0.9660    0.9649       441
           U     0.9570    0.9859    0.9713       497
           R     1.0000    0.9579    0.9785       499
           X     0.9362    0.9913    0.9630       459
           L     0.9959    0.9897    0.9928       486
           F     0.9853    0.9873    0.9863       474

    accuracy                         0.9787     13920
   macro avg     0.9788    0.9785    0.9785     13920
weighted avg     0.9790    0.9787    0.9787     13920

