              precision    recall  f1-score   support

           A     0.9929    0.9768    0.9848       431
           B     0.9946    0.9786    0.9865       373
           C     0.9922    0.9974    0.9948       381
           D     0.9908    0.9931    0.9919       432
           E     0.9826    0.9802    0.9814       404
           F     0.9784    0.9912    0.9848       457
           G     0.9934    0.9934    0.9934       454
           H     0.9929    0.9929    0.9929       423
           I     0.9975    0.9975    0.9975       407
           J     0.9904    0.9976    0.9940       413
           K     0.9914    0.9978    0.9946       462
           L     0.9977    0.9909    0.9943       440
           M     0.9901    0.9852    0.9876       405
           N     0.9882    0.9911    0.9896       337
           O     0.9856    0.9951    0.9903       412
           P     0.9895    0.9974    0.9934       379
           Q     0.9899    0.9949    0.9924       396
           R     1.0000    0.9865    0.9932       443
           S     0.9802    0.9876    0.9839       402
           T     0.9851    0.9925    0.9888       400
           U     0.9888    0.9844    0.9866       449
           V     0.9795    0.9839    0.9817       436
           W     0.9718    0.9952    0.9834       416
           X     0.9971    0.9607    0.9785       356
           Y     0.9860    0.9906    0.9883       426
           Z     0.9958    0.9853    0.9905       476
         del     0.9971    0.9714    0.9841       350
     nothing     1.0000    1.0000    1.0000       506
       space     0.9655    0.9912    0.9782       339

    accuracy                         0.9893     12005
   macro avg     0.9891    0.9890    0.9890     12005
weighted avg     0.9893    0.9893    0.9893     12005